eval_loss = 0.1388536755527769
f1_score = 0.7728965003723007
precision = 0.7816265060240963
recall = 0.7643593519882179
